0
0.128768523
0.226366888
0.429739397
0.480838017
0.598364844
0.613183444
0.65815023
0.641798671
0.275421564
0.128768523
0.05518651
0.035258048
0.126724578
0.278487481
0.451711804
0.625447113
0.619826265
0.690853347
0.656106285
0.593765968
0.246806336
0.141543178
0.060296372
0.062851303
0.110884006
0.222789985
0.468574348
0.57741441
0.640776699
0.700562085
0.579458355
0.645886561
0.260091978
0.094532448
0.089933572
0.087889627
0.100664282
0.245784364
0.408788963
0.507920286
0.625447113
0.692386306
0.567705672
0.538068472
0.193663771
0.081757793
0.06591722
0.072560041
0.074092999
0.278487481
0.381706694
0.461931528
0.557996934
0.586101175
0.781297905
0.358201329
0.326520184
0.163515585
0.115993868
0.098620337
0.138988247
0.259070005
0.443536025
0.597853858
0.699029126
0.684721513
0.81297905
0.421563618
0.34593766
0.234542667
0.149207971
0.105774144
0.148185999
0.281553398
0.439448135
0.61369443
0.765968319
0.750127747
0.85334696
0.478794073
0.393459377
0.155850792
0.096065406
0.066939193
0.102197241
0.309146653
0.477261114
0.661216147
0.732754216
0.780275933
0.596320899
0.60296372
0.373019928
0.130812468
0.073071027
0.035769034
0.118548799
0.315278487
0.563617782
0.645886561
0.685743485
0.766990291
0.703117016
0.688298416
0.381706694
0.172713337
0.082779765
0.08073582
0.143076137
0.303525805
0.675012775
0.712825754
0.803270312
0.762902402
0.659172202
0.593765968
0.419008687
0.167603475
0.12110373
0.100664282
0.105774144
0.320899336
0.602452734
0.689831375
0.696985181
0.756259581
0.675523761
0.642820644
0.495656617
0.233520695
0.088911599
0.120081758
0.137966275
0.373019928
0.482881962
0.540112417
0.680633623
0.631578947
0.679100664
0.498722534
0.38630557
0.224833929
0.160960654
0.17629024
0.188553909
0.270311702
0.508431272
0.637710782
0.809913132
0.768012264
0.704649974
0.554931017
0.315789474
0.298415943
0.148696985
0.140521206
0.24629535
0.289729177
0.396525294
0.645375575
0.756259581
0.847726111
0.700562085
0.597342872
0.203372509
0.277976495
0.087378641
0.069494124
0.115482882
0.199284619
0.421563618
0.541645376
0.611139499
0.698007154
0.662749106
0.502810424
0.217169136
0.25038324
0.03628002
0.090444558
0.107818089
0.258559019
0.387838528
0.608584568
0.750638733
0.697496168
0.654573327
0.41594277
0.189575881
0.211548288
0.111394992
0.088911599
0.082268779
0.263668881
0.450178845
0.543178334
0.630045989
0.666326009
0.546244251
0.34593766
0.212570261
0.265712826
0.085334696
0.116504854
0.108840061
0.241696474
0.443025038
0.564128769
0.656106285
0.767501277
0.622892182
0.393459377
0.328053143
0.19519673
0.152784875
0.179356157
0.183444047
0.416964742
0.525804803
0.74297394
0.742462954
0.749105774
0.753193664
0.505365355
0.443025038
0.215636178
0.190086868
0.220235054
0.310679612
0.398569239
0.681144609
0.802759325
0.890648952
0.947368421
0.751660705
0.646908533
0.5518651
0.369443025
0.36739908
0.252938171
0.221768012
0.305058763
0.593254982
0.840061318
0.997445069
1
0.965252938
0.624936127
0.282064384
0.145120082
0.112416965